kinematics:
  shoulder:
    x: 0
    y: 0
    z: 0.1520599932909415
    roll: -0
    pitch: 0
    yaw: -1.678214553355387e-05
  upper_arm:
    x: 9.879111123911654e-06
    y: 0
    z: 0
    roll: 1.572416287849651
    pitch: 0
    yaw: 6.97962606622014e-05
  forearm:
    x: -0.2436211225505595
    y: 0
    z: 0
    roll: 0.005162760132018409
    pitch: -0.003075887633158565
    yaw: 5.313143067247287e-05
  wrist_1:
    x: -0.2132375049784771
    y: 0.001333308699522088
    z: 0.1119248542971071
    roll: 3.129680682437417
    pitch: 3.139259653959223
    yaw: -3.141573094898551
  wrist_2:
    x: -5.410731614095863e-05
    y: -0.08539670727380343
    z: -9.976862811741272e-05
    roll: 1.571964622223497
    pitch: 0
    yaw: -2.920266637638017e-05
  wrist_3:
    x: 3.230501668902784e-05
    y: 0.08239888114694796
    z: -6.899136930455188e-05
    roll: 1.569959041722306
    pitch: 3.141592653589793
    yaw: -3.141577473605787
  hash: calib_1334740303625534401